Date,Description,Amount,Balance
12/19,American Express ACH Pmt M8014 Web ID: 2005032111,-23.2,1728.71
12/23,Remote Online Deposit,1.0,25.0
12/23,Venmo Payment 1039105423155 Web ID: 3264681992,-40.0,1713.71
12/23,Venmo Payment 1039105425873 Web ID: 3264681992,-20.0,1693.71
12/23,Card Purchase 12/21 Draftkings 6179866744 MA Card 1363,-10.0,1683.71
12/23,Card Purchase 12/21 Draftkings 6179866744 MA Card 1363,-10.0,1673.71
12/24,Prosper Marketpl Ibi 2024 PPD ID: ACH8446990,-164.81,1508.9
12/26,Real Time Transfer Recd From Aba/Contr Bnk-021000021 From:,49.13,1558.03
12/26,Payment Received 12/26 Draftkings Visa Direct FL Card 1363,402.81,1960.84
12/26,Payment Received 12/26 Draftkings Visa Direct FL Card 1363,300.0,2260.84
12/26,Payment Received 12/25 Draftkings Visa Direct FL Card 1363,100.0,2360.84
12/26,Payment Received 12/26 Draftkings Visa Direct FL Card 1363,50.0,2410.84
12/26,Payment Received 12/25 Draftkings Visa Direct FL Card 1363,35.0,2445.84
12/26,Card Purchase 12/25 Draftkings 6179866744 MA Card 1363,-10.0,2435.84
12/26,Card Purchase 12/25 Draftkings 6179866744 MA Card 1363,-10.0,2425.84
12/26,Card Purchase 12/25 Draftkings 6179866744 MA Card 1363,-10.0,2415.84
12/26,Card Purchase 12/25 Draftkings 6179866744 MA Card 1363,-25.0,2390.84
12/26,Card Purchase 12/26 Draftkings 6179866744 MA Card 1363,-100.0,2290.84
12/26,Card Purchase 12/26 Draftkings 6179866744 MA Card 1363,-50.0,2240.84
12/26,Card Purchase 12/26 Draftkings 6179866744 MA Card 1363,-50.0,2190.84
12/26,Card Purchase 12/26 Draftkings 6179866744 MA Card 1363,-50.0,2140.84
12/26,Card Purchase 12/26 Draftkings 6179866744 MA Card 1363,-100.0,2040.84
12/26,Card Purchase 12/26 Draftkings 6179866744 MA Card 1363,-100.0,1940.84
12/26,Card Purchase 12/26 Draftkings 6179866744 MA Card 1363,-400.0,1540.84
12/26,Venmo Payment 1039198346119 Web ID: 3264681992,-20.0,1520.84
12/26,Venmo Payment 1039201798763 Web ID: 3264681992,-75.61,1445.23
12/27,Deloitte Consult Payrll Dep PPD ID: 1061454513,1554.58,2999.81
12/27,American Express ACH Pmt M3170 Web ID: 2005032111,-1958.93,1040.88
12/30,Online Transfer From Sav ...4061 Transaction#: 23208845614,500.0,1540.88
12/30,Venmo Payment 1039242427330 Web ID: 3264681992,-7.0,1533.88
12/30,Card Purchase 12/28 Draftkings 6179866744 MA Card 1363,-10.0,1523.88
12/30,Card Purchase 12/29 Amazon Prime*Ze36J09 Amzn.Com/Bill WA,-15.89,1507.99
12/30,12/29 Payment To Chase Card Ending IN 3112,-149.0,1358.99
12/30,Payment Sent 12/29 Venmo *Will Dimond Visa Direct NY Card 1363,-500.0,858.99
12/30,Applecard Gsbank Payment 17308451 Web ID: 9999999999,-116.25,742.74
12/31,Nfcu ACH P2P Bart A Thomas Web ID: 9000000011,150.0,892.74
12/31,American Express Transfer Web ID: 124303243,20.0,912.74
01/02,Online Transfer From Sav ...4061 Transaction#: 23256646222,95.0,1007.74
01/02,Erie Ins Group Eriexpspay PPD ID: 1256038677,-130.58,877.16
01/02,Erie Ins Group Eriexpspay PPD ID: 1256038677,-11.33,865.83
01/02,American Express ACH Pmt M0920 Web ID: 2005032111,-456.68,409.15
01/07,Payment Sent 01/07 Venmo *Will Dimond Visa Direct NY Card 1363,-50.0,359.15
01/10,Deloitte Consult Payrll Dep PPD ID: 1061454513,1554.6,1913.75
01/10,Deloitte Payments PPD ID: 3135133500,193.5,2107.25
01/13,Payment Received 01/11 Draftkings Visa Direct FL Card 1363,385.0,2492.25
